9
[[     41.29032258,     499.61290323,  -98377.17710718],
 [     14.4516129 ,     441.80645161,  -89123.76940687],
 [     -2.06451613,     441.80645161,  -95299.46971904],
 [     33.70846616,     296.04826804,  -53527.91575154],
 [   -152.42089048,     366.39637134, -114631.20447112],
 [   -208.11313892,     259.40863091,  -96347.82095388],
 [   -146.55854854,     307.77295192,  -98034.65762277],
 [    -60.0890049 ,     250.615118  ,  -68151.41949641],
 [    -95.26305655,     568.64716832, -137082.09114659],
 [    -26.38053874,     397.17366653,  -88526.89630122]]
[[577.56451613, 149.17419355,   1.        ],
 [565.17741935, 183.23870968,   1.        ],
 [563.11290323, 218.33548387,   1.        ],
 [618.48774043, 110.38619782,   1.        ],
 [526.15585485, 531.74202486,   1.        ],
 [252.82416183, 574.24400394,   1.        ],
 [463.13567898, 539.06995229,   1.        ],
 [695.43097841, 438.67734654,   1.        ],
 [567.19224844, 336.08636257,   1.        ],
 [589.90882347, 262.07429556,   1.        ]]
[501.3162114 , 442.04274658, 441.81127522, 297.96113455, 396.83551855,
 332.57167104, 340.88648856, 257.71811321, 576.57146303, 398.04880883]
[-0.08245724, -0.03269862,  0.00467286, -0.11337313,  0.39422294,
  0.6761174 ,  0.44441921,  0.23532379,  0.16598445,  0.06632325]