12
[[    -27.84612422,     127.50593723,    7289.89470108],
 [    -17.58702582,     109.9189114 ,   -2090.64584199],
 [     -7.32792743,     109.9189114 ,  -15414.43213626],
 [      1.46558549,     109.9189114 ,  -26006.02208264],
 [     51.29549199,     133.36827917,  -98733.89946721],
 [     96.72864203,     153.88647596, -163691.25833386],
 [     54.22666296,     145.09296305, -112267.14076763],
 [     71.81368878,     211.04430989, -148835.69374436],
 [     24.91495325,     118.71242431,  -58536.64903342],
 [      2.93117097,     112.85008237,  -30374.17108705],
 [     -4.39675646,      82.07278718,   -8226.25499117],
 [     -4.39675646,      70.3481033 ,   -8113.37916486],
 [     -2.93117097,      86.46954364,  -15150.06444308]]
[[894.75060442, 138.23232204,   1.        ],
 [896.21618991, 162.41448255,   1.        ],
 [893.28501893, 199.78691243,   1.        ],
 [891.81943345, 224.70186568,   1.        ],
 [818.54015918, 425.48707717,   1.        ],
 [834.66159952, 539.06995229,   1.        ],
 [500.50810886, 586.70148056,   1.        ],
 [184.67443677, 642.39372901,   1.        ],
 [ 63.76363422, 479.71374013,   1.        ],
 [893.28501893, 245.95285522,   1.        ],
 [134.84453026, 107.45502685,   1.        ],
 [131.91335929, 123.57646719,   1.        ],
 [141.43966495, 180.00150838,   1.        ]]
[130.5111898 , 111.31698236, 110.16290485, 109.92868154, 142.89270585,
 181.76214588, 154.89512227, 222.92803017, 121.29878228, 112.88814311,
  82.19047307,  70.48536802,  86.51921024]
[ 0.21501488,  0.15865526,  0.06656816, -0.01333254, -0.36717383,
 -0.56116341, -0.35766325, -0.32798748, -0.20687395, -0.02596819,
  0.05352027,  0.06241881,  0.03388533]