13
[[  -162.67998887,     -7.32792743, 115122.97332572],
 [  -186.12935664,    -10.2590984 , 155675.56776812],
 [  -108.45332592,     -5.86234194, 105003.83490851],
 [   -99.659813  ,     -2.93117097,  54205.71909277],
 [  -106.98774043,     -2.93117097,  78559.15020874],
 [  -143.62737756,     -4.39675646, 111321.69312005],
 [   -90.86630009,      0.        ,  52337.69504006],
 [  -101.12539849,      0.        ,  62841.23504439],
 [   -87.93512912,     -8.79351291,  91629.75831152],
 [  -115.78125334,     -7.32792743, 100267.31444631],
 [  -102.59098397,     -7.32792743,  90942.96268662],
 [  -112.85008237,     -2.93117097,  89945.44699389],
 [  -127.50593723,      8.79351291,   3869.98812881],
 [  -115.78125334,      5.86234194,   9863.9876478 ]]
[[680.77512356, 596.96057896,   1.        ],
 [824.40250112, 217.37393825,   1.        ],
 [957.03798755, 206.38204711,   1.        ],
 [537.88053874, 204.91646163,   1.        ],
 [728.40665183, 214.44276728,   1.        ],
 [768.71025268, 207.8476326 ,   1.        ],
 [575.98576136, 213.70997454,   1.        ],
 [621.4189114 , 214.44276728,   1.        ],
 [999.53996662, 424.75428443,   1.        ],
 [852.24862535, 217.37393825,   1.        ],
 [871.30123665, 212.24438905,   1.        ],
 [791.4268277 , 215.90835277,   1.        ],
 [ 39.58147372, 133.83556559,   1.        ],
 [ 92.34255119, 141.16349301,   1.        ]]
[162.84494865, 186.41187329, 108.61165202,  99.70290914, 107.02788593,
 143.6946591 ,  90.86630009, 101.12539849,  88.37371104, 116.01291801,
 102.8523627 , 112.88814311, 127.80880211, 115.92957206]
[-1.52578171, -1.51573393, -1.51679483, -1.54139304, -1.54340592,
 -1.54019364,  1.57079633,  1.57079633, -1.47112767, -1.50758949,
 -1.49948886, -1.54482814,  1.50193984,  1.52020662]